from mathutils import Vector, Euler, Matrix

coords={
    'pelvis': Vector((1.1648752433757181e-06, -0.03546452522277832, 9.705429077148438)), 'spine_01': Vector((2.2932558749744203e-06, 0.6045663356781006, 19.095504760742188)), 'spine_02': Vector((1.5992075077519985e-06, 1.5650908946990967, 13.322303771972656)), 'spine_03': Vector((1.661253463680623e-06, 2.3110668659210205, 13.840438842773438)), 'clavicle_l': Vector((13.918235778808594, 6.9506120681762695, -2.6709747314453125)), 'upperarm_l': Vector((9.943408966064453, 1.1179428100585938, -11.732620239257812)), 'lowerarm_l': Vector((14.720138549804688, -8.791529655456543, -11.214599609375)), 'hand_l': Vector((7.418285369873047, -4.771677017211914, -6.2159423828125)), 'index_01_l': Vector((1.6297721862792969, -1.3284335136413574, -3.7365493774414062)), 'index_02_l': Vector((0.764068603515625, -0.6675519943237305, -3.23858642578125)), 'index_03_l': Vector((1.1548080444335938, -1.0154056549072266, -3.0254287719726562)), 'middle_01_l': Vector((2.0407943725585938, -1.2454519271850586, -3.977081298828125)), 'middle_02_l': Vector((0.9041290283203125, -0.8172664642333984, -3.4392852783203125)), 'middle_03_l': Vector((1.8407974243164062, -0.799962043762207, -3.0472183227539062)), 'pinky_01_l': Vector((1.9121170043945312, -0.28551551699638367, -3.0023727416992188)), 'pinky_02_l': Vector((1.0753021240234375, -0.2280139923095703, -2.7759170532226562)), 'pinky_03_l': Vector((1.03009033203125, -0.43166860938072205, -2.76885986328125)), 'ring_01_l': Vector((2.0166549682617188, -0.8928370475769043, -3.8422012329101562)), 'ring_02_l': Vector((0.841827392578125, -0.5747072696685791, -3.3238754272460938)), 'ring_03_l': Vector((1.549285888671875, -0.7849781513214111, -3.011749267578125)), 'thumb_01_l': Vector((0.12947463989257812, -3.2002079486846924, -2.171722412109375)), 'thumb_02_l': Vector((0.1767120361328125, -2.4893083572387695, -3.2051925659179688)), 'thumb_03_l': Vector((-0.3583641052246094, -2.9913997650146484, -2.7247543334960938)), 'clavicle_r': Vector((-13.918163299560547, 6.9505720138549805, -2.67095947265625)), 'upperarm_r': Vector((-9.943452835083008, 1.1179475784301758, -11.732650756835938)), 'lowerarm_r': Vector((-14.720176696777344, -8.79155445098877, -11.214614868164062)), 'hand_r': Vector((-7.418270111083984, -4.771677017211914, -6.215934753417969)), 'index_01_r': Vector((-1.6298408508300781, -1.3284940719604492, -3.7367095947265625)), 'index_02_r': Vector((-0.764068603515625, -0.6675558090209961, -3.23858642578125)), 'index_03_r': Vector((-1.154815673828125, -1.0154085159301758, -3.0254364013671875)), 'middle_01_r': Vector((-2.0408782958984375, -1.2455048561096191, -3.9772415161132812)), 'middle_02_r': Vector((-0.9041519165039062, -0.8172807693481445, -3.4393463134765625)), 'middle_03_r': Vector((-1.840850830078125, -0.7999820709228516, -3.0472640991210938)), 'pinky_01_r': Vector((-1.9121551513671875, -0.2855238914489746, -3.00244140625)), 'pinky_02_r': Vector((-1.075225830078125, -0.22799871861934662, -2.7757110595703125)), 'pinky_03_r': Vector((-1.0300140380859375, -0.43163785338401794, -2.768646240234375)), 'ring_01_r': Vector((-2.016510009765625, -0.8927762508392334, -3.8419265747070312)), 'ring_02_r': Vector((-0.8418350219726562, -0.5747084617614746, -3.3238754272460938)), 'ring_03_r': Vector((-1.549346923828125, -0.7849829196929932, -3.0117340087890625)), 'thumb_01_r': Vector((-0.12947463989257812, -3.200113534927368, -2.1716537475585938)), 'thumb_02_r': Vector((-0.17670440673828125, -2.489307403564453, -3.2052078247070312)), 'thumb_03_r': Vector((0.3583488464355469, -2.9914073944091797, -2.7247467041015625)), 'neck_01': Vector((1.0827247933775652e-06, -2.252087116241455, 9.013656616210938)), 'head': Vector((1.1142928997287527e-06, 0.2140827178955078, 16.578201293945312)), 'thigh_l': Vector((3.9585037231445312, 0.9658896923065186, -32.07537841796875)), 'calf_l': Vector((2.157259941101074, 4.733462333679199, -29.887414932250977)), 'foot_l': Vector((0.8955478668212891, -19.57691764831543, -0.23760986328125)), 'thigh_r': Vector((-3.958521842956543, 0.9658963084220886, -32.075477600097656)), 'calf_r': Vector((-2.157278060913086, 4.7334885597229, -29.887554168701172)), 'foot_r': Vector((-0.8955459594726562, -19.576862335205078, -0.23760986328125))}         

matrix_coords = {
    'pelvis': Matrix(((1.0, 1.6488743881382106e-07, 1.1779484054841305e-07, 2.9802464496242465e-08),                                                                                                              (1.1839658498047356e-07, -0.0036541179288178682, -0.9999933242797852, 0.033642228692770004),                                                                                                           (-1.6445591199953924e-07, 0.9999933242797852, -0.003654122119769454, 3.0818512439727783),                                                                                                              (0.0, 0.0, 0.0, 1.0))), 'spine_01': Matrix(((1.0, 1.6357645904463425e-07, 9.723312643927784e-08, -5.690844204764289e-07),                                                                              (1.1739510341612913e-07, -0.12815892696380615, -0.9917536377906799, 0.005264334846287966),                                                                                                             (-1.4976629358898208e-07, 0.9917535781860352, -0.12815892696380615, 3.426046133041382),                                                                                                                (0.0, 0.0, 0.0, 1.0))), 'spine_02': Matrix(((1.0, 1.6371627964417712e-07, 1.3765824746769795e-07, -1.1853769592562458e-06),                                                                            (1.1761618878836089e-07, 0.11667659133672714, -0.9931699633598328, 0.04829178750514984),                                                                                                               (-1.786596186548195e-07, 0.993169903755188, 0.11667657643556595, 4.037858486175537),                                                                                                                   (0.0, 0.0, 0.0, 1.0))), 'spine_03': Matrix(((1.0000001192092896, 1.5512173945353425e-07, 1.455832716601435e-07, -1.0244309578411048e-07),                                                              (1.1804679900251358e-07, 0.1646990180015564, -0.9863439202308655, 0.11142235994338989),                                                                                                                (-1.7698083354389382e-07, 0.9863439798355103, 0.164698988199234, 4.460445404052734),                                                                                                                   (0.0, 0.0, 0.0, 1.0))), 'clavicle_l': Matrix(((0.4467737078666687, 0.8817452192306519, 0.15139062702655792, 0.12046664208173752),                                                                      (-0.8946471214294434, 0.4403337836265564, 0.07558471709489822, 0.08792895078659058),                                                                                                                   (-1.603568671271205e-05, -0.16921041905879974, 0.9855800867080688, 4.848139762878418),                                                                                                                 (0.0, 0.0, 0.0, 1.0))), 'upperarm_l': Matrix(((0.06804918497800827, 0.6448394656181335, 0.7612831592559814, 0.5638118386268616),                                                                       (-0.9969836473464966, 0.07249976694583893, 0.02770778350532055, 0.30933064222335815),                                                                                                                  (-0.03732582926750183, -0.7608720660209656, 0.6478278040885925, 4.763060092926025),                                                                                                                    (0.0, 0.0, 0.0, 1.0))), 'lowerarm_l': Matrix(((-0.22621221840381622, 0.71849125623703, 0.6577226519584656, 1.1870087385177612),                                                                        (-0.8883805871009827, -0.42911502718925476, 0.16321951150894165, 0.3794020414352417),                                                                                                                  (0.3995102345943451, -0.5473854541778564, 0.7353646159172058, 4.027731895446777),                                                                                                                      (0.0, 0.0, 0.0, 1.0))), 'hand_l': Matrix(((-0.38722580671310425, 0.6874744892120361, 0.6143580675125122, 1.8043731451034546),                                                                          (-0.8942700624465942, -0.4422052800655365, -0.06881863623857498, 0.010679176077246666),                                                                                                                (0.2243610918521881, -0.5760500431060791, 0.7860210537910461, 3.557389259338379),                                                                                                                      (0.0, 0.0, 0.0, 1.0))), 'index_01_l': Matrix(((-0.5691731572151184, 0.38011959195137024, 0.729076087474823, 2.008119821548462),                                                                        (-0.8210588693618774, -0.30983832478523254, -0.4794405400753021, -0.21552908420562744),                                                                                                                (0.04365073889493942, -0.8714983463287354, 0.4884522557258606, 3.3068642616271973),                                                                                                                    (0.0, 0.0, 0.0, 1.0))), 'index_02_l': Matrix(((-0.5856645703315735, 0.22513845562934875, 0.7786597013473511, 2.0600335597991943),                                                                      (-0.8100426197052002, -0.19669795036315918, -0.5523962378501892, -0.25784435868263245),                                                                                                                (0.0287949126213789, -0.9542656540870667, 0.29757097363471985, 3.1878418922424316),                                                                                                                    (0.0, 0.0, 0.0, 1.0))), 'index_03_l': Matrix(((-0.6060661673545837, 0.3402695059776306, 0.7189587950706482, 2.084372043609619),                                                                        (-0.7946285605430603, -0.2991945743560791, -0.5282506346702576, -0.27910828590393066),                                                                                                                 (0.03536073490977287, -0.8914593458175659, 0.45171964168548584, 3.084681510925293),                                                                                                                    (0.0, 0.0, 0.0, 1.0))), 'middle_01_l': Matrix(((-0.36354056000709534, 0.4397897720336914, 0.8212333917617798, 2.054241418838501),                                                                      (-0.9258246421813965, -0.2683941423892975, -0.2661089301109314, -0.1426842212677002),                                                                                                                  (0.10338205844163895, -0.857059121131897, 0.504740297794342, 3.2962303161621094),                                                                                                                      (0.0, 0.0, 0.0, 1.0))), 'middle_02_l': Matrix(((-0.33663398027420044, 0.24778583645820618, 0.9084493517875671, 2.1192479133605957),                                                                    (-0.9321932792663574, -0.2239796668291092, -0.2843400537967682, -0.18235629796981812),                                                                                                                 (0.1330185979604721, -0.9425687789916992, 0.30638349056243896, 3.169546127319336),                                                                                                                     (0.0, 0.0, 0.0, 1.0))), 'middle_03_l': Matrix(((-0.3099201023578644, 0.5044875741004944, 0.805880069732666, 2.148047685623169),                                                                        (-0.9487493634223938, -0.21923768520355225, -0.2276187539100647, -0.20838911831378937),                                                                                                                (0.061848320066928864, -0.8351214528083801, 0.5465784072875977, 3.059992790222168),                                                                                                                    (0.0, 0.0, 0.0, 1.0))), 'pinky_01_l': Matrix(((0.04751276597380638, 0.5354591608047485, 0.8432242274284363, 2.0394299030303955),                                                                       (-0.9910807013511658, -0.07995407283306122, 0.10661635547876358, 0.00506576057523489),                                                                                                                 (0.1245078295469284, -0.8407682180404663, 0.5268844962120056, 3.281456708908081),                                                                                                                      (0.0, 0.0, 0.0, 1.0))), 'pinky_02_l': Matrix(((0.03849964588880539, 0.3601591885089874, 0.9320963621139526, 2.1003365516662598),                                                                       (-0.9945776462554932, -0.07637055963277817, 0.07059013843536377, -0.004032180178910494),                                                                                                               (0.09660836309194565, -0.929759681224823, 0.3552663326263428, 3.1858248710632324),                                                                                                                     (0.0, 0.0, 0.0, 1.0))), 'pinky_03_l': Matrix(((0.007947893813252449, 0.34501662850379944, 0.9385631084442139, 2.1345880031585693),                                                                     (-0.9875791668891907, -0.14458194375038147, 0.0615118108689785, -0.011299255304038525),                                                                                                                (0.1569218635559082, -0.9273940324783325, 0.3395823836326599, 3.097403049468994),                                                                                                                      (0.0, 0.0, 0.0, 1.0))), 'ring_01_l': Matrix(((-0.10225814580917358, 0.45520704984664917, 0.8844945430755615, 2.056964159011841),                                                                       (-0.979435384273529, -0.20153452455997467, -0.009513932280242443, -0.0663369745016098),                                                                                                                (0.1739252358675003, -0.8672777414321899, 0.46645453572273254, 3.282154083251953),                                                                                                                     (0.0, 0.0, 0.0, 1.0))), 'ring_02_l': Matrix(((-0.10031932592391968, 0.2421373873949051, 0.965041995048523, 2.121201753616333),                                                                         (-0.9843636751174927, -0.16530486941337585, -0.06085115298628807, -0.09477698802947998),                                                                                                               (0.14479169249534607, -0.9560565948486328, 0.2549346685409546, 3.15976619720459),                                                                                                                      (0.0, 0.0, 0.0, 1.0))), 'ring_03_l': Matrix(((-0.11813032627105713, 0.44562584161758423, 0.8873910903930664, 2.148016929626465),                                                                       (-0.9740409255027771, -0.22578558325767517, -0.016280973330140114, -0.11308345198631287),                                                                                                              (0.1931048333644867, -0.8662784695625305, 0.4607301652431488, 3.053889036178589),                                                                                                                      (0.0, 0.0, 0.0, 1.0))), 'thumb_01_l': Matrix(((-0.8114522695541382, 0.03345802053809166, -0.5834610462188721, 1.8308699131011963),                                                                     (0.3053358793258667, -0.826994001865387, -0.47207149863243103, -0.12348103523254395),                                                                                                                  (-0.4983132481575012, -0.5612149834632874, 0.6608496904373169, 3.428670644760132),                                                                                                                     (0.0, 0.0, 0.0, 1.0))), 'thumb_02_l': Matrix(((-0.81514972448349, 0.04350228235125542, -0.5776150822639465, 1.8349940776824951),                                                                       (0.43485164642333984, -0.6128039956092834, -0.6598301529884338, -0.22541898488998413),                                                                                                                 (-0.3826688230037689, -0.7890373468399048, 0.4806095063686371, 3.3594934940338135),                                                                                                                    (0.0, 0.0, 0.0, 1.0))), 'thumb_03_l': Matrix(((-0.7895572185516357, -0.08822077512741089, -0.6073035001754761, 1.8406339883804321),                                                                    (0.46224889159202576, -0.736406147480011, -0.49399662017822266, -0.3047146797180176),                                                                                                                  (-0.40364113450050354, -0.6707640886306763, 0.6222143173217773, 3.2573835849761963),                                                                                                                   (0.0, 0.0, 0.0, 1.0))), 'lowerarm_twist_01_l': Matrix(((-0.22621247172355652, 0.7184913754463196, 0.6577224731445312, 1.5074182748794556),                                                             (-0.8883807063102722, -0.42911508679389954, 0.16321931779384613, 0.1880360245704651),                                                                                                                  (0.39951011538505554, -0.5473853349685669, 0.7353647947311401, 3.7836267948150635),                                                                                                                    (0.0, 0.0, 0.0, 1.0))), 'upperarm_twist_01_l': Matrix(((0.06804939359426498, 0.6448401212692261, 0.7612826228141785, 0.5740784406661987),                                                              (-0.996983528137207, 0.07249986380338669, 0.02770795114338398, 0.31048622727394104),                                                                                                                   (-0.03732573240995407, -0.7608715295791626, 0.6478284597396851, 4.750943183898926),                                                                                                                    (0.0, 0.0, 0.0, 1.0))), 'clavicle_r': Matrix(((0.44677361845970154, -0.8817451596260071, -0.1513901650905609, -0.12046878039836884),                                                                   (0.8946468830108643, 0.44033345580101013, 0.07558493316173553, 0.08792933821678162),                                                                                                                   (1.5580799299641512e-05, -0.16921016573905945, 0.9855800271034241, 4.848147869110107),                                                                                                                 (0.0, 0.0, 0.0, 1.0))), 'upperarm_r': Matrix(((0.06804890185594559, -0.644839882850647, -0.7612823247909546, -0.5638118386268616),                                                                     (0.9969833493232727, 0.0724998190999031, 0.027707066386938095, 0.3093298077583313),                                                                                                                    (0.03732629492878914, -0.7608714699745178, 0.647828221321106, 4.763068675994873),                                                                                                                      (0.0, 0.0, 0.0, 1.0))), 'lowerarm_r': Matrix(((-0.2262125015258789, -0.71849125623703, -0.6577220559120178, -1.1870065927505493),                                                                      (0.8883800506591797, -0.4291154146194458, 0.16321955621242523, 0.3794037401676178),                                                                                                                    (-0.3995105028152466, -0.547385036945343, 0.7353647351264954, 4.027737617492676),                                                                                                                      (0.0, 0.0, 0.0, 1.0))), 'hand_r': Matrix(((-0.38722583651542664, -0.6874740719795227, -0.6143580675125122, -1.8043839931488037),                                                                       (0.8942697048187256, -0.44220563769340515, -0.0688185915350914, 0.010687652975320816),                                                                                                                 (-0.22436153888702393, -0.5760501623153687, 0.786020815372467, 3.557386875152588),                                                                                                                     (0.0, 0.0, 0.0, 1.0))), 'index_01_r': Matrix(((-0.5691713690757751, -0.38012054562568665, -0.7290763258934021, -2.008120059967041),                                                                    (0.8210593461990356, -0.3098391592502594, -0.47943827509880066, -0.21551606059074402),                                                                                                                 (-0.04365191608667374, -0.8714976906776428, 0.48845332860946655, 3.3068623542785645),                                                                                                                  (0.0, 0.0, 0.0, 1.0))), 'index_02_r': Matrix(((-0.5856637358665466, -0.22513791918754578, -0.7786596417427063, -2.06003475189209),                                                                     (0.8100423216819763, -0.19669796526432037, -0.5523957014083862, -0.25785180926322937),                                                                                                                 (-0.02879541553556919, -0.9542656540870667, 0.2975703775882721, 3.1878323554992676),                                                                                                                   (0.0, 0.0, 0.0, 1.0))), 'index_03_r': Matrix(((-0.6060664057731628, -0.3402706980705261, -0.7189571261405945, -2.0843844413757324),                                                                    (0.7946276068687439, -0.2991943061351776, -0.5282512307167053, -0.2791060209274292),                                                                                                                   (-0.03535931184887886, -0.8914586901664734, 0.45172035694122314, 3.084672212600708),                                                                                                                   (0.0, 0.0, 0.0, 1.0))), 'middle_01_r': Matrix(((-0.363539457321167, -0.43979117274284363, -0.821232795715332, -2.054241180419922),                                                                     (0.9258247017860413, -0.26839444041252136, -0.2661075294017792, -0.14266574382781982),                                                                                                                 (-0.10338248312473297, -0.8570582270622253, 0.5047416090965271, 3.2962398529052734),                                                                                                                   (0.0, 0.0, 0.0, 1.0))), 'middle_02_r': Matrix(((-0.3366393744945526, -0.24778705835342407, -0.9084470272064209, -2.1192402839660645),                                                                  (0.9321916103363037, -0.2239791452884674, -0.284345805644989, -0.18235494196414948),                                                                                                                   (-0.13301590085029602, -0.9425686001777649, 0.306385338306427, 3.1695480346679688),                                                                                                                    (0.0, 0.0, 0.0, 1.0))), 'middle_03_r': Matrix(((-0.30992555618286133, -0.5044938325881958, -0.8058741092681885, -2.148040771484375),                                                                   (0.9487476348876953, -0.21923883259296417, -0.22762414813041687, -0.20838822424411774),                                                                                                                (-0.06184384599328041, -0.8351173996925354, 0.546585202217102, 3.059992551803589),                                                                                                                     (0.0, 0.0, 0.0, 1.0))), 'pinky_01_r': Matrix(((0.04751405119895935, -0.535459041595459, -0.8432238101959229, -2.039423942565918),                                                                      (0.9910801649093628, -0.07995471358299255, 0.10661811381578445, 0.00507327588275075),                                                                                                                  (-0.12450934201478958, -0.8407681584358215, 0.5268840193748474, 3.2814626693725586),                                                                                                                   (0.0, 0.0, 0.0, 1.0))), 'pinky_02_r': Matrix(((0.03849875554442406, -0.3601601719856262, -0.9320958852767944, -2.1003241539001465),                                                                    (0.9945777654647827, -0.07637074589729309, 0.07058922201395035, -0.004011473618447781),                                                                                                                (-0.09660828858613968, -0.9297593235969543, 0.3552672266960144, 3.185828685760498),                                                                                                                    (0.0, 0.0, 0.0, 1.0))), 'pinky_03_r': Matrix(((0.007947093807160854, -0.34501829743385315, -0.938562273979187, -2.134589672088623),                                                                    (0.9875790476799011, -0.14458265900611877, 0.061511389911174774, -0.011281827464699745),                                                                                                               (-0.15692244470119476, -0.9273931980133057, 0.3395839333534241, 3.097404718399048),                                                                                                                    (0.0, 0.0, 0.0, 1.0))), 'ring_01_r': Matrix(((-0.10225774347782135, -0.455207496881485, -0.8844940066337585, -2.056968927383423),                                                                      (0.9794349670410156, -0.2015351504087448, -0.009513212367892265, -0.06632989645004272),                                                                                                                (-0.17392610013484955, -0.8672773838043213, 0.4664548933506012, 3.282148599624634),                                                                                                                    (0.0, 0.0, 0.0, 1.0))), 'ring_02_r': Matrix(((-0.10032199323177338, -0.24213935434818268, -0.9650408029556274, -2.121198892593384),                                                                    (0.9843631982803345, -0.1653049737215042, -0.060853682458400726, -0.09476785361766815),                                                                                                                (-0.14479096233844757, -0.9560562372207642, 0.2549367845058441, 3.1597771644592285),                                                                                                                   (0.0, 0.0, 0.0, 1.0))), 'ring_03_r': Matrix(((-0.11814981698989868, -0.44564124941825867, -0.8873806595802307, -2.1480143070220947),                                                                   (0.9740406274795532, -0.22578608989715576, -0.016298456117510796, -0.11307433247566223),                                                                                                               (-0.19309496879577637, -0.8662708401679993, 0.4607493579387665, 3.0539000034332275),                                                                                                                   (0.0, 0.0, 0.0, 1.0))), 'thumb_01_r': Matrix(((-0.8114495277404785, -0.033459171652793884, 0.5834640264511108, -1.8308833837509155),                                                                   (-0.30533674359321594, -0.8269941210746765, -0.4720701277256012, -0.12347253412008286),                                                                                                                (0.4983166456222534, -0.5612141489982605, 0.6608477234840393, 3.4286727905273438),                                                                                                                     (0.0, 0.0, 0.0, 1.0))), 'thumb_02_r': Matrix(((-0.815152108669281, -0.04349927231669426, 0.5776113867759705, -1.8350025415420532),                                                                     (-0.4348512291908264, -0.6128020286560059, -0.6598317623138428, -0.22540561854839325),                                                                                                                 (0.38266393542289734, -0.7890384197235107, 0.4806112051010132, 3.3594961166381836),                                                                                                                    (0.0, 0.0, 0.0, 1.0))), 'thumb_03_r': Matrix(((-0.7895523309707642, 0.08821609616279602, 0.6073097586631775, -1.840631127357483),                                                                      (-0.462249219417572, -0.7364076972007751, -0.4939930737018585, -0.3046988844871521),                                                                                                                   (0.40364983677864075, -0.6707620620727539, 0.6222102046012878, 3.257398843765259),                                                                                                                     (0.0, 0.0, 0.0, 1.0))), 'lowerarm_twist_01_r': Matrix(((-0.0662948489189148, -0.7184913158416748, -0.6923694610595703, -1.5074169635772705),                                                           (0.8256651163101196, -0.4291154742240906, 0.36624735593795776, 0.18803870677947998),                                                                                                                   (-0.5602519512176514, -0.5473850965499878, 0.6216815114021301, 3.783622980117798),                                                                                                                     (0.0, 0.0, 0.0, 1.0))), 'upperarm_twist_01_r': Matrix(((0.3237384259700775, -0.6448400020599365, -0.6923688650131226, -0.5740744471549988),                                                            (0.9276887774467468, 0.07249946147203445, 0.3662470579147339, 0.31048285961151123),                                                                                                                    (-0.18597427010536194, -0.7608713507652283, 0.6216818690299988, 4.750955104827881),                                                                                                                    (0.0, 0.0, 0.0, 1.0))), 'neck_01': Matrix(((1.000000238418579, 1.681314216739338e-07, -3.7881150660723506e-08, 2.7830087674374226e-06),                                                                (4.003895881510289e-09, -0.2424011081457138, -0.9701761603355408, 0.1871279776096344),                                                                                                                 (-1.7229959325959499e-07, 0.9701762199401855, -0.2424011528491974, 4.982570648193359),                                                                                                                 (0.0, 0.0, 0.0, 1.0))), 'head': Matrix(((1.000000238418579, 1.569277259250157e-07, 7.995011763739512e-09, -2.7994865376967937e-06),                                                                    (4.376929041427502e-09, 0.023042455315589905, -0.9997345209121704, 0.12670011818408966),                                                                                                               (-1.5707034606293746e-07, 0.99973464012146, 0.023042425513267517, 5.272284030914307),                                                                                                                  (0.0, 0.0, 0.0, 1.0))), 'thigh_l': Matrix(((0.14777898788452148, 0.12242862582206726, 0.9814136028289795, 0.28686872124671936),                                                                        (-0.988969624042511, 0.029873084276914597, 0.14519254863262177, 0.016883566975593567),                                                                                                                 (-0.01154110487550497, -0.9920276999473572, 0.1254904568195343, 3.0356314182281494),                                                                                                                   (0.0, 0.0, 0.0, 1.0))), 'calf_l': Matrix(((0.06352590024471283, 0.07111050188541412, 0.9954434633255005, 0.4528888463973999),                                                                          (-0.9864101409912109, 0.15603093802928925, 0.051805529743433, 0.057391393929719925),                                                                                                                   (-0.15163268148899078, -0.9851897954940796, 0.0800546258687973, 1.690379023551941),                                                                                                                    (0.0, 0.0, 0.0, 1.0))), 'calf_twist_01_l': Matrix(((0.07022110372781754, 0.07394026219844818, 0.9947871565818787, 0.49927011132240295),                                                                (-0.9836136698722839, 0.17123818397521973, 0.056706979870796204, 0.15916287899017334),                                                                                                                 (-0.16614899039268494, -0.9824519157409668, 0.08475161343812943, 1.0477851629257202),                                                                                                                  (0.0, 0.0, 0.0, 1.0))), 'foot_l': Matrix(((-0.9988451600074768, 0.04569467902183533, -0.0148379011079669, 0.5439279079437256),                                                                         (-0.04550909623503685, -0.9988989233970642, -0.012814990244805813, 0.25717341899871826),                                                                                                               (-0.015406751073896885, -0.012123885564506054, 0.9998079538345337, 0.42893511056900024),                                                                                                               (0.0, 0.0, 0.0, 1.0))), 'ball_l': Matrix(((-0.9997191429138184, 0.013384930789470673, 0.019564179703593254, 0.570442795753479),                                                                        (-0.014264114201068878, -0.9988853931427002, -0.045377589762210846, -0.2661576569080353),                                                                                                              (0.01893478073179722, -0.04564228653907776, 0.9987787008285522, 0.0895673930644989),                                                                                                                   (0.0, 0.0, 0.0, 1.0))), 'thigh_twist_01_l': Matrix(((0.054214686155319214, 0.12228686362504959, 0.9910129308700562, 0.37302935123443604),                                                              (-0.9982490539550781, 0.030845902860164642, 0.05080666393041611, 0.03790700435638428),                                                                                                                 (-0.024354444816708565, -0.9920154213905334, 0.12374281138181686, 2.3374712467193604),                                                                                                                 (0.0, 0.0, 0.0, 1.0))), 'thigh_r': Matrix(((0.14777995645999908, -0.12242887169122696, -0.9814134240150452, -0.28686851263046265),                                                                     (0.9889672994613647, 0.029873039573431015, 0.14519290626049042, 0.01688377372920513),                                                                                                                  (0.011541100218892097, -0.9920276999473572, 0.12549076974391937, 3.035640239715576),                                                                                                                   (0.0, 0.0, 0.0, 1.0))), 'calf_r': Matrix(((0.06352677941322327, -0.07111088186502457, -0.9954434633255005, -0.4528923034667969),                                                                       (0.9864077568054199, 0.15603092312812805, 0.051805902272462845, 0.057393357157707214),                                                                                                                 (0.15163299441337585, -0.9851897954940796, 0.08005517721176147, 1.6903778314590454),                                                                                                                   (0.0, 0.0, 0.0, 1.0))), 'calf_twist_01_r': Matrix(((0.07022111117839813, -0.07394134253263474, -0.9947873950004578, -0.4992726445198059),                                                              (0.9836116433143616, 0.17123790085315704, 0.056706372648477554, 0.15916237235069275),                                                                                                                  (0.16614912450313568, -0.9824520349502563, 0.08475271612405777, 1.0477848052978516),                                                                                                                   (0.0, 0.0, 0.0, 1.0))), 'foot_r': Matrix(((-0.9988456964492798, -0.045694686472415924, 0.014824330806732178, -0.5439401268959045),                                                                     (0.045508794486522675, -0.9988968968391418, -0.012814175337553024, 0.25717782974243164),                                                                                                               (0.015393181703984737, -0.012123774737119675, 0.9998083114624023, 0.42893141508102417),                                                                                                                (0.0, 0.0, 0.0, 1.0))), 'ball_r': Matrix(((-0.9972401261329651, -0.013385219499468803, -0.07303193211555481, -0.570457398891449),                                                                      (0.016671735793352127, -0.9988832473754883, -0.04454910010099411, -0.26614367961883545),                                                                                                               (-0.0723530724644661, -0.04564223065972328, 0.996334433555603, 0.08956339210271835),                                                                                                                   (0.0, 0.0, 0.0, 1.0))), 'thigh_twist_01_r': Matrix(((0.054212234914302826, -0.12228633463382721, -0.9910131096839905, -0.373030424118042),                                                             (0.998246967792511, 0.03084590658545494, 0.050803784281015396, 0.03790738061070442),                                                                                                                   (0.024354996159672737, -0.9920153021812439, 0.1237422